{
 "cells": [
  {
   "cell_type": "code",
   "execution_count": 11,
   "metadata": {},
   "outputs": [
    {
     "data": {
      "text/plain": [
       "array([[-1.51,  0.93, -1.15],\n",
       "       [-1.29, -1.49,  1.15],\n",
       "       [-0.22,  2.43,  1.15]])"
      ]
     },
     "execution_count": 11,
     "metadata": {},
     "output_type": "execute_result"
    }
   ],
   "source": [
    "\n",
    "import numpy as np\n",
    "import scipy\n",
    "\n",
    "A = np.array([-1.51, 0.93, -1.15, -1.29, -1.49,1.15,-0.22,2.43,1.15]).reshape(3,3)\n",
    "\n",
    "A"
   ]
  },
  {
   "cell_type": "code",
   "execution_count": 2,
   "metadata": {},
   "outputs": [
    {
     "data": {
      "text/plain": [
       "11.93332"
      ]
     },
     "execution_count": 2,
     "metadata": {},
     "output_type": "execute_result"
    }
   ],
   "source": [
    "\n",
    "np.linalg.det(A)"
   ]
  },
  {
   "cell_type": "code",
   "execution_count": 3,
   "metadata": {},
   "outputs": [
    {
     "data": {
      "text/plain": [
       "array([[-1.51, -1.29, -0.22],\n",
       "       [ 0.93, -1.49,  2.43],\n",
       "       [-1.15,  1.15,  1.15]])"
      ]
     },
     "execution_count": 3,
     "metadata": {},
     "output_type": "execute_result"
    }
   ],
   "source": [
    "\n",
    "A.T"
   ]
  },
  {
   "cell_type": "code",
   "execution_count": 4,
   "metadata": {},
   "outputs": [
    {
     "data": {
      "text/plain": [
       "array([[-0.37776579, -0.32379924, -0.05396654],\n",
       "       [ 0.10311464, -0.16671806,  0.2698327 ],\n",
       "       [-0.29015396,  0.29033831,  0.28907295]])"
      ]
     },
     "execution_count": 4,
     "metadata": {},
     "output_type": "execute_result"
    }
   ],
   "source": [
    "\n",
    "np.linalg.inv(A)"
   ]
  },
  {
   "cell_type": "code",
   "execution_count": 7,
   "metadata": {},
   "outputs": [
    {
     "data": {
      "text/plain": [
       "(array([[-0.75569935,  0.30805619, -0.57794453],\n",
       "        [-0.64559745, -0.49875791,  0.57831174],\n",
       "        [-0.11010189,  0.81014932,  0.57579132]]),\n",
       " array([[ 1.99814914e+00, -8.40778080e-03,  2.22044605e-16],\n",
       "        [ 0.00000000e+00,  2.99830441e+00,  3.83550115e-03],\n",
       "        [ 0.00000000e+00,  0.00000000e+00,  1.99185474e+00]]))"
      ]
     },
     "execution_count": 7,
     "metadata": {},
     "output_type": "execute_result"
    }
   ],
   "source": [
    "B = np.linalg.qr(A)\n",
    "\n",
    "B"
   ]
  },
  {
   "cell_type": "code",
   "execution_count": 8,
   "metadata": {},
   "outputs": [],
   "source": [
    "C = B[0]"
   ]
  },
  {
   "cell_type": "code",
   "execution_count": 9,
   "metadata": {},
   "outputs": [
    {
     "data": {
      "text/plain": [
       "array([[-0.75569935, -0.64559745, -0.11010189],\n",
       "       [ 0.30805619, -0.49875791,  0.81014932],\n",
       "       [-0.57794453,  0.57831174,  0.57579132]])"
      ]
     },
     "execution_count": 9,
     "metadata": {},
     "output_type": "execute_result"
    }
   ],
   "source": [
    "np.linalg.inv(C)"
   ]
  },
  {
   "cell_type": "code",
   "execution_count": 10,
   "metadata": {},
   "outputs": [
    {
     "data": {
      "text/plain": [
       "array([[-0.75569935, -0.64559745, -0.11010189],\n",
       "       [ 0.30805619, -0.49875791,  0.81014932],\n",
       "       [-0.57794453,  0.57831174,  0.57579132]])"
      ]
     },
     "execution_count": 10,
     "metadata": {},
     "output_type": "execute_result"
    }
   ],
   "source": [
    "C.T"
   ]
  },
  {
   "cell_type": "code",
   "execution_count": 14,
   "metadata": {},
   "outputs": [
    {
     "ename": "LinAlgError",
     "evalue": "Singular matrix",
     "output_type": "error",
     "traceback": [
      "\u001b[0;31m---------------------------------------------------------------------------\u001b[0m",
      "\u001b[0;31mLinAlgError\u001b[0m                               Traceback (most recent call last)",
      "\u001b[0;32m<ipython-input-14-804676d719a5>\u001b[0m in \u001b[0;36m<module>\u001b[0;34m\u001b[0m\n\u001b[1;32m     16\u001b[0m     \u001b[0;32mreturn\u001b[0m \u001b[0mP\u001b[0m\u001b[0;34m\u001b[0m\u001b[0;34m\u001b[0m\u001b[0m\n\u001b[1;32m     17\u001b[0m \u001b[0;34m\u001b[0m\u001b[0m\n\u001b[0;32m---> 18\u001b[0;31m \u001b[0mP_2\u001b[0m \u001b[0;34m=\u001b[0m \u001b[0mmatrizDeTransicao\u001b[0m\u001b[0;34m(\u001b[0m\u001b[0mA\u001b[0m\u001b[0;34m,\u001b[0m \u001b[0;36m0.6\u001b[0m\u001b[0;34m)\u001b[0m\u001b[0;34m;\u001b[0m\u001b[0;34m\u001b[0m\u001b[0;34m\u001b[0m\u001b[0m\n\u001b[0m\u001b[1;32m     19\u001b[0m \u001b[0;34m\u001b[0m\u001b[0m\n\u001b[1;32m     20\u001b[0m \u001b[0;34m\u001b[0m\u001b[0m\n",
      "\u001b[0;32m<ipython-input-14-804676d719a5>\u001b[0m in \u001b[0;36mmatrizDeTransicao\u001b[0;34m(M, alpha)\u001b[0m\n\u001b[1;32m     11\u001b[0m         \u001b[0mD\u001b[0m \u001b[0;34m=\u001b[0m \u001b[0mnp\u001b[0m\u001b[0;34m.\u001b[0m\u001b[0mdiag\u001b[0m\u001b[0;34m(\u001b[0m\u001b[0mvDiag\u001b[0m\u001b[0;34m)\u001b[0m\u001b[0;34m\u001b[0m\u001b[0;34m\u001b[0m\u001b[0m\n\u001b[1;32m     12\u001b[0m \u001b[0;34m\u001b[0m\u001b[0m\n\u001b[0;32m---> 13\u001b[0;31m     \u001b[0mD_inv\u001b[0m \u001b[0;34m=\u001b[0m \u001b[0mnp\u001b[0m\u001b[0;34m.\u001b[0m\u001b[0mlinalg\u001b[0m\u001b[0;34m.\u001b[0m\u001b[0minv\u001b[0m\u001b[0;34m(\u001b[0m\u001b[0mD\u001b[0m\u001b[0;34m)\u001b[0m\u001b[0;34m\u001b[0m\u001b[0;34m\u001b[0m\u001b[0m\n\u001b[0m\u001b[1;32m     14\u001b[0m \u001b[0;34m\u001b[0m\u001b[0m\n\u001b[1;32m     15\u001b[0m     \u001b[0mP\u001b[0m \u001b[0;34m=\u001b[0m \u001b[0mnp\u001b[0m\u001b[0;34m.\u001b[0m\u001b[0mmatmul\u001b[0m\u001b[0;34m(\u001b[0m\u001b[0malpha\u001b[0m\u001b[0;34m*\u001b[0m\u001b[0mD_inv\u001b[0m\u001b[0;34m,\u001b[0m\u001b[0mM\u001b[0m\u001b[0;34m)\u001b[0m \u001b[0;34m+\u001b[0m \u001b[0;34m(\u001b[0m\u001b[0;34m(\u001b[0m\u001b[0;36m1\u001b[0m\u001b[0;34m-\u001b[0m\u001b[0malpha\u001b[0m\u001b[0;34m)\u001b[0m\u001b[0;34m/\u001b[0m\u001b[0mn\u001b[0m\u001b[0;34m)\u001b[0m\u001b[0;34m*\u001b[0m\u001b[0;34m(\u001b[0m\u001b[0mnp\u001b[0m\u001b[0;34m.\u001b[0m\u001b[0mones\u001b[0m\u001b[0;34m(\u001b[0m\u001b[0;34m(\u001b[0m\u001b[0mn\u001b[0m\u001b[0;34m,\u001b[0m\u001b[0mn\u001b[0m\u001b[0;34m)\u001b[0m\u001b[0;34m)\u001b[0m\u001b[0;34m.\u001b[0m\u001b[0mT\u001b[0m\u001b[0;34m)\u001b[0m\u001b[0;34m\u001b[0m\u001b[0;34m\u001b[0m\u001b[0m\n",
      "\u001b[0;32m<__array_function__ internals>\u001b[0m in \u001b[0;36minv\u001b[0;34m(*args, **kwargs)\u001b[0m\n",
      "\u001b[0;32m~/anaconda3/envs/my_notebooks01/lib/python3.7/site-packages/numpy/linalg/linalg.py\u001b[0m in \u001b[0;36minv\u001b[0;34m(a)\u001b[0m\n\u001b[1;32m    544\u001b[0m     \u001b[0msignature\u001b[0m \u001b[0;34m=\u001b[0m \u001b[0;34m'D->D'\u001b[0m \u001b[0;32mif\u001b[0m \u001b[0misComplexType\u001b[0m\u001b[0;34m(\u001b[0m\u001b[0mt\u001b[0m\u001b[0;34m)\u001b[0m \u001b[0;32melse\u001b[0m \u001b[0;34m'd->d'\u001b[0m\u001b[0;34m\u001b[0m\u001b[0;34m\u001b[0m\u001b[0m\n\u001b[1;32m    545\u001b[0m     \u001b[0mextobj\u001b[0m \u001b[0;34m=\u001b[0m \u001b[0mget_linalg_error_extobj\u001b[0m\u001b[0;34m(\u001b[0m\u001b[0m_raise_linalgerror_singular\u001b[0m\u001b[0;34m)\u001b[0m\u001b[0;34m\u001b[0m\u001b[0;34m\u001b[0m\u001b[0m\n\u001b[0;32m--> 546\u001b[0;31m     \u001b[0mainv\u001b[0m \u001b[0;34m=\u001b[0m \u001b[0m_umath_linalg\u001b[0m\u001b[0;34m.\u001b[0m\u001b[0minv\u001b[0m\u001b[0;34m(\u001b[0m\u001b[0ma\u001b[0m\u001b[0;34m,\u001b[0m \u001b[0msignature\u001b[0m\u001b[0;34m=\u001b[0m\u001b[0msignature\u001b[0m\u001b[0;34m,\u001b[0m \u001b[0mextobj\u001b[0m\u001b[0;34m=\u001b[0m\u001b[0mextobj\u001b[0m\u001b[0;34m)\u001b[0m\u001b[0;34m\u001b[0m\u001b[0;34m\u001b[0m\u001b[0m\n\u001b[0m\u001b[1;32m    547\u001b[0m     \u001b[0;32mreturn\u001b[0m \u001b[0mwrap\u001b[0m\u001b[0;34m(\u001b[0m\u001b[0mainv\u001b[0m\u001b[0;34m.\u001b[0m\u001b[0mastype\u001b[0m\u001b[0;34m(\u001b[0m\u001b[0mresult_t\u001b[0m\u001b[0;34m,\u001b[0m \u001b[0mcopy\u001b[0m\u001b[0;34m=\u001b[0m\u001b[0;32mFalse\u001b[0m\u001b[0;34m)\u001b[0m\u001b[0;34m)\u001b[0m\u001b[0;34m\u001b[0m\u001b[0;34m\u001b[0m\u001b[0m\n\u001b[1;32m    548\u001b[0m \u001b[0;34m\u001b[0m\u001b[0m\n",
      "\u001b[0;32m~/anaconda3/envs/my_notebooks01/lib/python3.7/site-packages/numpy/linalg/linalg.py\u001b[0m in \u001b[0;36m_raise_linalgerror_singular\u001b[0;34m(err, flag)\u001b[0m\n\u001b[1;32m     86\u001b[0m \u001b[0;34m\u001b[0m\u001b[0m\n\u001b[1;32m     87\u001b[0m \u001b[0;32mdef\u001b[0m \u001b[0m_raise_linalgerror_singular\u001b[0m\u001b[0;34m(\u001b[0m\u001b[0merr\u001b[0m\u001b[0;34m,\u001b[0m \u001b[0mflag\u001b[0m\u001b[0;34m)\u001b[0m\u001b[0;34m:\u001b[0m\u001b[0;34m\u001b[0m\u001b[0;34m\u001b[0m\u001b[0m\n\u001b[0;32m---> 88\u001b[0;31m     \u001b[0;32mraise\u001b[0m \u001b[0mLinAlgError\u001b[0m\u001b[0;34m(\u001b[0m\u001b[0;34m\"Singular matrix\"\u001b[0m\u001b[0;34m)\u001b[0m\u001b[0;34m\u001b[0m\u001b[0;34m\u001b[0m\u001b[0m\n\u001b[0m\u001b[1;32m     89\u001b[0m \u001b[0;34m\u001b[0m\u001b[0m\n\u001b[1;32m     90\u001b[0m \u001b[0;32mdef\u001b[0m \u001b[0m_raise_linalgerror_nonposdef\u001b[0m\u001b[0;34m(\u001b[0m\u001b[0merr\u001b[0m\u001b[0;34m,\u001b[0m \u001b[0mflag\u001b[0m\u001b[0;34m)\u001b[0m\u001b[0;34m:\u001b[0m\u001b[0;34m\u001b[0m\u001b[0;34m\u001b[0m\u001b[0m\n",
      "\u001b[0;31mLinAlgError\u001b[0m: Singular matrix"
     ]
    }
   ],
   "source": [
    "\n",
    "\n",
    "import numpy as np\n",
    "\n",
    "A = np.array([0,0,0,0,1,1,1,0,0,1,0,0,0,0,0,0]).reshape(4,4)\n",
    "\n",
    "\n",
    "def matrizDeTransicao(M, alpha):\n",
    "    vDiag = []\n",
    "    n = len(M)\n",
    "    \n",
    "    for line in M:\n",
    "        vDiag.append(sum(line))\n",
    "        D = np.diag(vDiag)\n",
    "\n",
    "    D_inv = np.linalg.inv(D)\n",
    "    \n",
    "    P = np.matmul(alpha*D_inv,M) + ((1-alpha)/n)*(np.ones((n,n)).T)\n",
    "    return P\n",
    "\n",
    "\n",
    "def matrizDeTransicao(M):\n",
    "    matTransicao = np.array([])\n",
    "    \n",
    "    for line in M:\n",
    "        sumLine = sum(line)\n",
    "        matTransicao = np.append(matTransicao, line/sumLine)\n",
    "    \n",
    "    matTransicao = matTransicao.reshape(-1,len(M))\n",
    "    return matTransicao\n",
    "\n",
    "P_2 = matrizDeTransicao(A, 0.6);\n",
    "\n",
    "\n",
    "# Display out\n",
    "\n",
    "#P_2\n",
    "print(P_2, end='\\n\\n\\n')\n",
    "\n"
   ]
  }
 ],
 "metadata": {
  "kernelspec": {
   "display_name": "Python 3",
   "language": "python",
   "name": "python3"
  },
  "language_info": {
   "codemirror_mode": {
    "name": "ipython",
    "version": 3
   },
   "file_extension": ".py",
   "mimetype": "text/x-python",
   "name": "python",
   "nbconvert_exporter": "python",
   "pygments_lexer": "ipython3",
   "version": "3.7.6"
  }
 },
 "nbformat": 4,
 "nbformat_minor": 4
}
